0000
0200
2220
0000
0000
0200
0220
0200
0000
2220
0200
0000
0000
0200
2200
0200
0300
0300
0300
0300
0000
0000
3333
0000
0300
0300
0300
0300
0000
0000
3333
0000
0000
4400
4000
4000
0000
0000
4440
0040
0000
0400
0400
4400
0000
0000
4000
4440
0000
5500
0500
0500
0000
0000
0050
5550
0000
5000
5000
5500
0000
0000
5550
5000
0000
0000
0660
6600
0000
6000
6600
0600
0000
0000
0660
6600
0000
6000
6600
0600
0000
0000
7700
0770
0000
0700
7700
7000
0000
0000
7700
0770
0000
0700
7700
7000
0000
0000
8800
8800
0000
0000
8800
8800
0000
0000
8800
8800
0000
0000
8800
8800