51
30
888888888887777777778888888888888888888888888888888
888888888887777777777888888888888888888888888888888
888888888888777777777788888888888888888888888888888
888888888888877777777778888888888888888888888888888
888888888888877777777777888888888888888888888888888
888888888888887777777777788888888888888888888888888
888888888888888877777777788888888888888888888888888
888888888888888877777777778888888888888888888888888
888888888888888887777777777788888888888888888888888
888888888888888888877777777778888888888888888888888
888888888888888888887777777778888888888888888888888
288888888888888888887777777788888888888888888888888
222228888888888888877777777788888888888888888888888
222222222228888888644444444468888888888888888888888
222222222222222222644444444468888888888888888888888
222222222222222222644444444468888888888888888888888
222222222222222222644444444462222888888888888888888
882222222222222222644444444462222228888888888888888
888882222222222222644444444462222222222222222888888
888888888222222222644444444462222222222222222222222
888888888888822222644444444462222222222222222222222
888888888888888888644444444462222222222222222222222
888888888888888888644444444468888822222222222222222
888888888888888888887777777788888888888882222222222
888888888888888888877777777788888888888888888822222
888888888888888888877777777777888888888888888888882
888888888888888888887777777778888888888888888888888
888888888888888888888777777777888888888888888888888
888888888888888888888887777777788888888888888888888
888888888888888888888887777777777888888888888888888